20 3

69 76
98 71
127 71
79 102
54 129
115 123
152 123
128 99
83 128
111 194
79 232
61 189
99 165
139 162
131 195
127 224
83 206
63 160
90 254
114 269
125 250
107 224
234 126
232 131
232 135
228 152
228 154
228 143
232 134
235 130
234 142
234 153
234 160
232 173
229 167
229 150
235 139
236 162
236 174
235 183
234 185
245 161
242 150
241 132
243 125
240 141
240 164
242 174
243 186
246 172
246 148
244 127
242 122
236 141
236 159
240 180
243 186
245 186
234 186
231 179
231 167
240 145
244 133
245 147
244 165
244 172
235 182
224 182
228 186
244 192
249 187
332 107
342 99
358 95
375 99
386 108
387 118
379 130
370 139
361 136
354 128
351 119
354 109
379 110
373 122
368 124
362 120
328 123
330 132
337 143
337 120
342 134
353 139
362 143
389 140
389 146
374 158
355 158
340 157
368 149
377 166
359 172
338 171
328 159
394 182
393 158
379 173
353 182
334 183
329 185
333 192
373 189
390 192
391 194
361 197
329 195
338 205
352 205
372 204
381 205
381 211
378 215
362 216
347 216
337 217
324 224
337 229
352 230
378 232
381 234
377 245
353 249
341 242
368 238
282 42
