25 3

257 58
244 55
233 55
215 55
194 56
175 59
161 59
147 64
129 66
108 74
104 78
94 95
90 105
89 109
85 125
78 153
80 142
75 154
75 169
75 178
75 194
75 198
75 208
75 224
75 228
75 241
78 252
82 277
86 284
92 288
117 299
130 305
144 308
175 317
185 319
226 321
260 323
104 296
78 269
158 311
172 317
216 321
197 323
246 324
236 324
123 68
209 55
236 50
266 61
279 67
288 73
269 318
272 311
275 306
279 292
282 281
285 268
289 247
291 219
293 195
297 172
298 138
298 118
298 89
299 108
299 121
299 182
299 204
296 225
294 234
336 194
336 184
336 180
339 169
343 164
347 160
352 156
360 154
370 153
375 153
387 152
394 154
402 160
408 165
413 170
417 184
418 191
418 198
416 204
413 211
409 221
406 227
403 229
399 232
391 234
381 236
365 236
359 232
352 226
346 221
344 218
340 209
380 238
101 270
94 248
94 232
92 227
92 201
100 169
100 153
104 125
109 97
109 111
102 149
95 187
93 207
111 115
118 88
118 84
151 80
166 79
203 81
230 88
254 95
259 92
266 105
276 143
252 82
236 79
163 81
152 85
129 98
120 104
120 151
116 220
116 246
119 259
150 293
190 298
214 300
163 293
105 285
93 277
139 270
132 283
165 195
172 161
211 150
247 220
246 281
246 296
272 241
275 223
277 196
285 134
281 97
279 91
279 128
281 182
281 212
280 250
269 285
260 299
256 306
260 295
274 257
285 223
285 171
277 141
235 138
175 170
186 239
219 259
253 174
254 161
260 220
264 258
242 264
164 247
154 233
148 164
150 111
154 104
140 166
129 196
127 199
125 153
136 130
167 113
133 161
133 168
123 211
162 142
164 134
198 101
222 106
255 140
256 188
230 263
207 281
189 273
171 261
162 249
146 233
138 185
154 168
156 203
177 215
221 160
211 191
210 216
228 232
251 233
262 220
259 150
259 130
251 121
225 132
219 164
228 181
231 176
241 162
248 152
265 145
273 185
271 170
256 207
234 227
191 229
189 189
189 157
190 133
193 131
227 188
230 203
226 218
214 221
194 165
189 149
161 163
154 217
154 233
369 219
363 213
355 194
355 176
376 165
399 188
391 204
381 205
353 198
351 174
370 164
392 182
386 193
369 192
359 212
375 226
399 224
403 214
404 201
403 184
399 177
393 171
381 173
373 190
365 199
354 197
351 189
351 195
371 213
394 209
397 207
88 364
323 379
139 414
402 432
443 396
454 168
416 38
333 16
85 41
39 140
