25 3

205 105
188 105
164 107
151 113
135 124
117 138
108 153
91 187
89 197
89 210
99 228
104 242
111 253
125 264
139 272
166 282
178 283
190 282
149 274
197 278
211 267
214 263
220 250
223 240
225 230
172 234
167 228
163 212
162 209
165 193
174 179
181 169
191 161
205 154
214 149
233 147
245 146
279 161
283 166
289 181
260 150
272 153
289 176
291 190
288 209
284 223
281 235
276 255
271 270
256 288
249 292
243 295
263 283
266 274
282 248
103 161
101 165
97 179
94 221
227 225
233 229
231 240
230 246
228 252
233 225
230 242
218 259
213 281
226 254
224 273
219 277
212 282
186 293
183 294
174 294
140 290
129 285
107 271
102 264
93 254
84 234
80 208
80 199
80 177
82 162
87 142
92 128
102 120
127 107
156 99
182 97
205 97
195 99
121 111
112 129
96 152
92 171
86 198
87 242
98 254
124 271
147 280
201 286
218 272
220 270
196 280
161 285
146 282
130 279
109 264
93 238
166 235
163 234
161 220
161 190
169 169
185 152
194 144
214 140
223 140
205 152
176 174
229 135
235 135
252 136
268 142
279 150
288 162
297 180
302 200
303 225
297 249
282 279
275 294
268 298
254 299
242 299
269 292
286 268
297 236
302 204
299 209
290 243
287 251
277 271
270 284
254 299
233 304
245 304
250 302
232 413
130 401
86 391
92 46
249 19
326 48
388 108
429 211
437 305
408 351
350 353
297 357
422 443
415 454
188 468
78 460
19 260
19 210
21 136
