25 3

99 387
89 376
79 364
73 345
71 330
71 310
73 288
77 266
79 249
83 236
90 221
95 210
102 198
111 187
121 178
129 170
137 164
148 155
160 144
169 140
177 136
185 134
196 131
210 127
221 122
235 120
254 120
275 123
294 125
312 127
336 138
357 151
374 164
383 173
398 189
406 205
413 224
416 234
419 248
422 265
423 272
425 286
427 299
427 310
428 326
428 335
428 345
428 354
426 368
425 375
417 389
416 391
414 396
405 407
395 416
386 425
382 429
368 438
365 443
353 453
346 456
328 462
319 464
288 469
270 469
253 469
220 467
201 463
177 458
158 452
149 445
104 419
104 408
107 408
104 391
122 421
126 432
137 437
114 418
106 401
299 466
336 458
238 472
231 470
172 412
164 409
157 398
151 391
145 383
139 375
132 358
128 345
124 331
122 321
121 305
119 282
119 266
121 245
125 233
130 217
141 201
152 188
162 180
173 174
195 166
212 163
230 163
251 162
268 162
290 166
310 171
328 182
352 201
368 215
379 226
388 244
391 268
392 291
391 310
390 331
384 361
382 379
378 393
372 399
352 411
335 418
320 423
293 425
278 427
260 429
223 429
217 429
193 419
184 416
203 424
237 428
246 428
270 425
304 424
312 424
387 346
335 188
342 192
119 292
241 161
361 404
324 130
171 329
160 303
165 312
177 342
189 346
194 354
200 357
208 360
217 365
232 370
239 370
258 370
270 369
277 369
283 366
288 364
298 359
303 355
308 345
315 336
319 329
322 319
324 306
326 297
326 285
327 279
327 271
322 259
317 248
314 242
310 238
300 232
293 227
287 224
283 222
276 220
268 220
261 219
245 217
239 216
229 216
223 217
219 219
203 225
198 231
190 237
182 245
174 256
172 262
166 272
164 280
163 284
210 219
167 320
160 293
185 349
244 369
216 286
224 287
233 287
237 287
259 288
261 288
248 289
270 288
245 249
244 251
243 262
243 279
243 286
239 298
239 303
239 312
240 318
352 341
341 368
319 383
63 41
71 118
402 31
461 106
205 43
28 317
476 279
481 444
57 458
