20 3

177 212
231 211
164 211
150 214
140 214
118 216
239 211
256 211
260 212
233 196
245 190
266 180
253 204
268 196
261 222
252 234
235 220
247 220
120 155
109 177
100 191
94 203
78 183
87 159
118 136
143 142
173 181
175 207
178 230
170 247
163 250
118 254
112 252
99 245
88 226
82 198
90 159
108 148
145 168
156 189
164 221
167 243
159 252
152 251
137 242
135 212
142 185
144 174
113 190
114 225
115 236
132 240
210 279
198 284
190 292
184 297
237 311
256 309
264 307
287 307
216 287
193 300
206 298
210 297
242 320
269 319
284 319
297 322
258 324
199 308
198 311
179 325
192 320
171 316
168 341
168 353
180 310
180 346
178 364
178 390
300 327
306 341
301 356
296 362
293 364
284 366
275 369
309 325
311 327
314 363
313 366
293 381
284 385
276 378
164 355
168 373
178 379
187 372
188 380
201 381
204 375
218 366
231 362
238 361
224 378
236 369
243 368
271 383
263 401
281 390
267 406
252 416
282 394
283 400
274 410
261 416
251 357
258 354
91 174
138 230
103 222
132 165
132 191
110 204
150 202
294 372
306 368
310 344
259 309
279 309
301 320
178 331
175 356
42 387
24 335
24 332
14 303
33 358
39 372
50 403
21 324
18 312
17 299
11 278
9 268
9 249
9 225
10 195
12 177
18 157
24 138
30 122
41 106
57 92
77 79
96 65
113 58
146 48
178 42
212 40
255 40
287 47
319 63
344 91
373 130
401 165
423 206
440 272
446 312
452 362
456 403
433 450
422 463
402 481
359 490
55 408
54 411
70 425
101 445
111 452
129 460
161 469
170 471
185 475
215 477
251 479
278 481
308 483
334 489
358 491
387 485
405 474
390 483
374 493
363 494
414 475
433 456
446 439
449 418
452 402
453 381
453 355
446 321
436 270
430 235
423 208
407 178
406 175
391 144
384 127
374 115
357 104
346 93
328 80
304 65
295 61
276 54
256 50
238 46
220 44
202 42
168 43
137 50
114 54
92 65
73 78
45 107
34 124
20 148
7 216
7 211
10 172
21 267
26 300
24 330
10 266
23 317
38 359
51 390
56 403
67 425
80 439
86 442
63 416
89 439
106 449
132 461
164 465
196 470
229 477
272 482
299 484
321 485
144 465
146 464
418 195
415 187
426 222
431 239
439 259
443 273
444 282
446 302
448 311
450 340
451 345
452 357
450 323
446 291
445 288
205 472
260 479
318 483
127 52
27 347
14 285
8 242
12 185
16 161
68 83
51 100
41 113
86 70
105 57
124 51
158 43
160 43
189 40
195 38
215 38
244 48
229 44
286 57
263 53
317 71
336 83
368 116
370 118
381 132
390 139
395 144
400 158
403 167
401 148
430 215
430 221
436 249
436 252
437 255
441 266
455 394
455 413
450 437
450 428
439 456
116 454
40 381
239 480
290 481
345 489
29 461
112 347
378 413
377 263
247 96
357 227
440 85
475 167
18 37
74 273
