30 3

330 169
338 172
338 155
332 137
328 123
316 108
305 103
285 101
279 101
255 104
234 105
199 108
178 109
152 110
129 114
113 118
88 126
79 136
77 150
71 174
70 189
69 216
71 235
73 252
86 267
103 267
132 264
161 264
186 266
200 266
221 266
74 269
74 286
79 310
85 332
96 355
112 356
139 352
167 355
190 357
226 357
265 357
287 357
300 357
157 164
186 157
198 156
257 159
229 160
199 157
157 167
153 169
160 175
195 176
207 176
226 174
247 169
215 105
202 358
216 358
244 359
262 360
115 262
123 264
149 265
125 354
157 355
150 311
156 311
172 311
190 311
202 312
210 312
221 312
118 312
131 312
145 312
143 216
116 189
268 214
402 179
96 27
393 57
284 289
444 358
349 420
140 438
22 349
